Wait 3. 400. 200. ////////////////////
Wait 2. 300. 200.
Left 1. 300. 200.
Wait 1. 200. 200.
Right 1. 300. 200.
Wait 1. 300. 200.
Mid 200. 300. 200.
Wait 4. 400. 200. /////////////
Left 2. 300. 200.
Wait 0.1 300. 200.
Right 2. 300. 200.
Wait 0.1 300. 200.
Left 2. 300. 200.
Wait 1. 300. 200.
Mid 500. 300. 200.
Wait 3. 300. 200. //////////////////
Left 1. 300. 200.
Wait 0.1 300. 200.
Right 3. 200. 200.
Wait 0.1 300. 200.
Left 3. 200. 200.
Wait 1. 300. 200.
Right 3. 200. 200.
Wait 0.1 300. 200.
Left 3. 200. 200.
Wait 0.1 300. 200.
Right 3. 300. 200.
Wait 4. 400. 200. /////////////
Mid 700. 300. 200.
Wait 3. 300. 200. 
Wait 2. 400. 200. /////////////
Mid 500. 300. 200.
Wait 0.1 300. 200.
Mid 600. 300. 200.
Wait 0.1 300. 200.
Mid 700. 300. 200.
Wait 0.1 300. 200.
Mid 800. 300. 200.
Wait 0.1 300. 200.
Mid 400. 300. 200.
Wait 0.1 300. 200.
Left 3. 300. 200.
Wait 0.1 300. 200.
Right 3. 300. 200.
Wait 4. 400. 200. /////////////
Left 3. 300. 200.
Wait 0.1 300. 200.
Right 3. 300. 200.
Wait 0.1 300. 200.
Left 3. 300. 200.
Wait 0.1 300. 200.
Right 3. 300. 200.
Wait 0.1 300. 200.
Left 3.5 400. 200.
Wait 0.1 300. 200.
Right 3.5 300. 200.
Wait 0.1 300. 200.
Left 4. 300. 200.
Wait 0.1 300. 200.
Right 4. 300. 200.
Wait 0.1 300. 200.
Mid 800. 300. 200.
Wait 2. 200. 200. /////////////
Wait 2. 400. 200. /////////////
Wait 3. 400. 200. /////////////
End
